111336
111355
111377
111441
111479
111481
111578
111711
111764
111766
111767
111769
111789
111873
111919
111925
111956
112010
112067
112088
112146
112266
112303
112309
112338
112340
112343
112363
112371
112373
112568
112619
112684
112685
112743
112785
112803
112933
112952
113003
113022
113025
113026
113028
113039
113078
113153
113238
113279
113334
113337
113493
113496
113522
113534
113545
113566
113609
113676
113712
113714
113747
113769
113773
113800
113891
113914
113915
113926
113945
113951
113953
113954
114078
114118
114129
114147
114190
114300
114307
114312
114336
114343
114473
114526
114531
114551
114765
114770
114948
114994
115035
115045
115106
115109
115123
115228
115318
115358
115641
115648
115658
115659
115660
115717
115726
115762
115796
115838
115901
116050
116124
116175
116205
116290
116352
116587
117845
118798
118815
118927
119223
119224
119230
119231
119232
119260
119261
119262
119264
119266
119267
119268
119269
119270
119271
119305
119516
119906
119913
120130
120149
120161
120306
120318
120328
